Sunrise: 2024-04-02T06:58:36.4094549+02:00
Sunset: 2024-04-02T19:55:26.8913404+02:00
Lat: 48
Lon: 9.0999999999999996
LastUpdate: 2024-04-02T23:25:21.1204320+02:00
DataSourceIsGeolocator: false

