Sunrise: 2024-03-31T07:02:40.2123470+02:00
Sunset: 2024-03-31T19:52:33.9860334+02:00
Lat: 48
Lon: 9.1
LastUpdate: 2024-03-31T22:48:25.8981152+02:00
DataSourceIsGeolocator: false

