Sunrise: 2024-04-01T07:00:38.1669021+02:00
Sunset: 2024-04-01T19:54:00.4599031+02:00
Lat: 48
Lon: 9.0999999999999996
LastUpdate: 2024-04-01T23:21:40.3257957+02:00
DataSourceIsGeolocator: false

