Sunrise: 2024-04-18T06:27:13.8075545+02:00
Sunset: 2024-04-18T20:18:27.0550324+02:00
Lat: 48
Lon: 9.0999999999999996
LastUpdate: 2024-04-18T18:23:20.2601027+02:00
DataSourceIsGeolocator: false

